//#include "mes_savgol.h"
//#include <stdio.h>
//#include "mes_peakfinder.h"
//#include "mqs_def.h"
////
////float_vect* process_float_vect() {
////	int size = 501;  // Example size for the float_vect
////
////	float_vect* myStruct = create_float_vect(size);
////	if (myStruct == NULL) {
////		printf("Failed to allocate memory for the struct.\n");
////		return;
////	}
////	// Populate the data array with desired values
////	float values[] = { 451783.0, 450898.0, 451266.0, 451433.000000, 451064.000000, 450490.000000, 450244.000000, 450390.000000, 450019.000000, 449797.000000, 449308.000000,
////			449001.000000, 448615.000000, 448270.000000, 448027.000000, 448291.000000, 447723.000000, 447541.000000, 447338.000000, 446389.000000, 446550.000000,
////			446469.000000, 445443.000000, 445101.000000, 445241.000000, 444659.000000, 444439.000000, 444137.000000, 443757.000000, 443277.000000, 442700.000000, 442420.000000,
////			442378.000000, 441761.000000, 442441.000000, 441077.000000, 440726.000000, 439701.000000, 439861.000000, 439081.000000, 438415.000000, 438171.000000, 437583.000000,
////			 437667.000000, 436779.000000, 437103.000000, 436666.000000, 435908.000000, 435547.000000, 435080.000000, 434960.000000, 433859.000000, 433685.000000, 433017.000000,
////			432515.000000, 432212.000000, 431754.000000, 431248.000000, 431025.000000, 430749.000000, 430477.000000, 429718.000000, 429120.000000, 428297.000000, 428343.000000,
////			427470.000000, 427105.000000, 426782.000000, 426640.000000, 426337.000000, 425486.000000, 425105.000000, 424864.000000, 424157.000000, 424134.000000, 423516.000000,
////			423355.000000, 423028.000000, 422615.000000, 421706.000000, 421943.000000, 421620.000000, 421160.000000, 421128.000000, 420705.000000, 420566.000000, 420690.000000,
////			419998.000000, 420408.000000, 419775.000000, 419894.000000, 419497.000000, 420076.000000, 419667.000000, 420091.000000, 420089.000000, 420610.000000, 420679.000000,
////			421194.000000, 421833.000000, 421925.000000, 422355.000000, 422934.000000, 423348.000000, 424086.000000, 425481.000000, 425792.000000, 427207.000000, 428492.000000,
////			429702.000000, 431632.000000, 431782.000000, 434424.000000, 435270.000000, 437781.000000, 440029.000000, 441582.000000, 445288.000000, 446413.000000, 449138.000000,
////			452652.000000, 455229.000000, 458668.000000, 460376.000000, 464876.000000, 467333.000000, 468343.000000, 473250.000000, 478364.000000, 482088.000000, 484782.000000,
////			487562.000000, 493052.000000, 494574.000000, 497982.000000, 501733.000000, 505125.000000, 509219.000000, 509997.000000, 514470.000000, 518462.000000, 522065.000000,
////			526482.000000, 528438.000000, 531367.000000, 535459.000000, 536998.000000, 540044.000000, 542143.000000, 545563.000000, 547045.000000, 549041.000000, 551611.000000,
////			551977.000000, 554257.000000, 555498.000000, 556459.000000, 558318.000000, 559780.000000, 559650.000000, 561043.000000, 562803.000000, 562748.000000, 563069.000000,
////			563860.000000, 565004.000000, 565933.000000, 565491.000000, 565512.000000, 565547.000000, 565918.000000, 565657.000000, 565422.000000, 565372.000000, 564627.000000, //peak
////			564846.000000, 564259.000000, 564179.000000, 564869.000000, 564515.000000, 562852.000000, 561930.000000, 563277.000000, 561714.000000, 562903.000000, 562183.000000,
////			561298.000000, 561089.000000, 559826.000000, 559781.000000, 558546.000000, 558588.000000, 557872.000000, 556291.000000, 556584.000000, 555310.000000, 554848.000000,
////			555124.000000, 554629.000000, 553590.000000, 552976.000000, 552213.000000, 552052.000000, 551364.000000, 550524.000000, 550100.000000, 549371.000000, 548953.000000,
////			548901.000000, 547950.000000, 547347.000000, 546851.000000, 545606.000000, 545744.000000, 544651.000000, 545052.000000, 543696.000000, 543980.000000, 543039.000000,
////			542924.000000, 541788.000000, 541705.000000, 541442.000000, 540084.000000, 539900.000000, 539153.000000, 538644.000000, 538059.000000, 537893.000000, 537029.000000,
////			536593.000000, 536478.000000, 535692.000000, 536074.000000, 535152.000000, 535152.000000,  534376.000000, 533692.000000, 533261.000000, 532771.000000, 532890.000000,
////			531287.000000, 532291.000000, 531660.000000, 530607.000000, 529981.000000, 530438.000000, 529927.000000, 528907.000000, 529446.000000, 528653.000000, 527665.000000,
////			528512.000000, 527102.000000, 527187.000000, 526148.000000, 526037.000000, 525701.000000, 525085.000000, 525754.000000, 524665.000000, 524359.000000, 524526.000000,
////			523803.000000, 523444.000000, 523969.000000, 522418.000000, 522887.000000, 521946.000000, 521751.000000, 521338.000000, 521036.000000, 521004.000000, 520566.000000,
////			520075.000000, 520481.000000, 519933.000000, 519549.000000, 518924.000000, 518729.000000, 518431.000000, 518295.000000, 517964.000000, 517641.000000, 517370.000000,
////			516872.000000, 517150.000000, 517124.000000, 516499.000000, 515714.000000, 516111.000000, 515630.000000, 515285.000000, 515285.000000, 515277.000000, 514127.000000,
////			514395.000000, 513800.000000, 513707.000000, 514068.000000, 513449.000000, 513215.000000, 513349.000000, 512707.000000, 512840.000000, 512224.000000, 512140.000000,
////			511883.000000, 511849.000000, 511004.000000, 511137.000000, 510921.000000, 511186.000000, 510524.000000, 510451.000000, 510103.000000, 510176.000000, 509913.000000,
////			 509600.000000, 508991.000000, 509181.000000, 509625.000000, 509074.000000, 508835.000000, 508442.000000, 508024.000000, 508286.000000, 508073.000000, 507835.000000,
////			 507240.000000, 507549.000000, 507003.000000, 507336.000000, 507062.000000, 506482.000000, 505962.000000, 506317.000000, 505832.000000, 506920.000000, 505773.000000,
////			505856.000000, 505856.000000, 504925.000000, 505361.000000, 504796.000000, 504666.000000, 504843.000000, 504737.000000, 504255.000000, 503916.000000, 503681.000000,
////			503810.000000, 503810.000000, 503354.000000, 503272.000000, 503447.000000, 502968.000000, 503038.000000, 502595.000000, 502502.000000, 502350.000000, 502048.000000,
////			502141.000000, 501862.000000, 501583.000000, 501583.000000, 501328.000000, 501247.000000, 501142.000000, 500887.000000, 500772.000000, 500528.000000, 500033.000000,
////			500124.000000, 500333.000000, 499629.000000, 499802.000000, 499870.000000, 499249.000000, 499594.000000, 498974.000000, 499330.000000, 498767.000000, 498560.000000,
////			498262.000000, 497907.000000, 498479.000000, 497781.000000, 498285.000000, 498456.000000, 498146.000000, 498272.000000, 499318.000000, 499088.000000, 498353.000000,
////			497965.000000, 498285.000000, 497439.000000, 497291.000000, 496687.000000, 496937.000000, 496459.000000, 496754.000000, 496629.000000, 495879.000000, 496026.000000,
////			496151.000000, 496299.000000, 496004.000000, 495799.000000, 495968.000000, 495211.000000, 495358.000000, 495335.000000, 494780.000000, 494646.000000, 495121.000000,
////			494758.000000, 494589.000000, 494611.000000, 494048.000000, 494172.000000, 493394.000000, 493902.000000, 493902.000000, 494217.000000, 493474.000000, 493800.000000,
////			493429.000000, 493721.000000, 493699.000000, 493350.000000, 493081.000000, 493328.000000, 493372.000000, 493014.000000, 492645.000000, 493059.000000, 492552.000000,
////			492253.000000, 492376.000000, 492442.000000, 492051.000000, 492095.000000, 491739.000000, 492253.000000, 491560.000000, 491950.000000, 491705.000000, 491739.000000,
////			490747.000000, 491437.000000, 491192.000000, 490947.000000, 490926.000000, 490759.000000, 490559.000000, 491070.000000, 490768.000000, 490581.000000, 490781.000000,
////			490415.000000, 490005.000000, 490149.000000, 490070.000000, 489883.000000, 490336.000000, 489883.000000,  489705.000000, 489827.000000, 489461.000000, 489683.000000,
////			 489340.000000, 489197.000000, 489231.000000, 489374.000000, 489131.000000, 488754.000000, 489032.000000, 489032.000000, 488646.000000, 488897.000000, 488789.000000,
////			488183.000000, 488326.000000, 488248.000000, 487984.000000, 488326.000000, 488127.000000, 487338.000000, 487480.000000, 487480.000000, 487514.000000, 487436.000000,
////			487415.000000, 487393.000000, 487393.000000, 487273.000000, 487053.000000, 487415.000000, 486452.000000 };
////		
////
////	for (int i = 0; i < size; i++) {
////		myStruct->data[i] = values[i];
////		//printf("%f, ", myStruct->data[i]);
////	}
////	myStruct->size = 501;
////	
////	float_vect* returned = sg_smooth(myStruct, 501, 25, 3);
////
////	// Free allocated memory
////	/*free(myStruct->data);
////	free(myStruct);*/
////
////	return returned;
////}
//
//
////
//int main()
//{
//	float_vect* returned = process_float_vect(); //should be smoothing.
// 
//	float values[] = { 8.688731, 8.523005, 8.520622, 8.615648, 8.508212, 8.475455, 8.439061, 8.773698, 8.694585, 8.558719, 8.521436, 8.669477, 8.737784, 8.689817, 8.716210, 8.568928, 8.675801, 8.703018, 8.505158, 8.441368, 8.603867, 8.730674, 8.568076, 8.637328, 8.704287, 8.567228, 8.694957, 8.578062, 8.485007, 8.668430, 8.634391, 8.648501, 8.608146, 8.453979, 8.632043, 8.685276, 8.714056, 8.730674, 8.595910, 8.630246, 8.783181, 8.872434, 8.742596, 8.865191, 8.579533, 8.792618, 8.474116, 8.560889, 8.836982, 8.737816, 8.518353, 8.482013, 8.573388, 8.737816, 8.566383, 8.718895, 8.645151, 8.740199, 8.622666, 8.735472, 8.603464, 8.603464, 8.654559, 8.506024, 8.499091, 8.506024, 8.711686, 8.551598, 8.606307, 8.588565, 8.813737, 8.558564, 8.870556, 8.536950, 8.671342, 8.861366, 8.778157, 8.778272, 8.731940, 8.814810, 8.704736, 8.850364, 8.828095, 8.793730, 8.746161, 8.759215, 8.563038, 8.630114, 8.607224, 8.816942, 8.775779, 8.872958, 8.883545, 8.652875, 8.748537, 8.588565, 8.641815, 8.653879, 8.678896, 8.746161, 8.655212, 8.881139, 8.911319, 8.675257, 8.633821, 8.847968, 8.754464, 8.650197, 8.795942, 8.635187, 8.847968, 8.821972, 8.804191, 8.853767, 8.750879, 8.772076, 8.873933, 8.752048, 8.879699, 8.945240, 8.824083, 8.801608, 8.913723, 8.728486, 8.862521, 8.935419, 8.651538, 8.843853, 8.760277, 8.885452, 8.965373, 8.980685, 8.667200, 8.820116, 8.885452, 8.796864, 8.799047, 8.799047, 8.938703, 8.965373, 8.980685, 8.709712, 8.897850, 8.783904, 8.940424, 8.746161, 9.042608, 8.826180, 8.925125, 8.943684, 8.692085, 8.673432, 8.979853, 8.920323, 8.661514, 8.917924, 8.756763, 8.854384, 8.667480, 8.800325, 8.818804, 8.958960, 8.902637, 8.822214, 8.782526, 8.954979, 8.873991, 9.042246, 8.708607, 9.067796, 8.926007, 9.058551, 8.787094, 8.733239, 8.875912, 8.894929, 8.972626, 8.926249, 8.980643, 8.742646, 8.757880, 8.972626, 8.979028, 8.883518, 8.912539, 8.982265, 8.971827, 9.000698, 8.694606, 8.741483, 8.740304, 9.003864, 8.788196, 9.047765, 8.981430, 8.954241, 8.842153, 8.939906, 9.095743, 8.744994, 8.912539, 8.910473, 8.952681, 9.035691, 9.003703, 8.996636, 8.880185, 8.971033, 8.833721, 8.784745, 8.971033, 8.784610, 8.926486, 8.859736, 8.862678, 8.989420, 8.928636, 9.019805, 8.984614, 8.946362, 8.984554, 9.127204, 9.092693, 9.141814, 8.831364, 8.831064, 8.876867, 9.139901, 8.797410, 8.832391, 8.901896, 8.770590, 9.086059, 8.930373, 8.845179, 8.987792, 9.129636, 9.005931, 9.060728, 9.115064, 9.063134, 9.023649, 8.883014, 8.996391, 8.925614, 9.096299, 8.908999, 8.786807, 8.885369, 8.890085, 9.105375, 8.895726, 9.048722, 8.821681, 9.009976, 9.141467, 9.181303, 8.956717, 9.052193, 8.797230, 9.038455, 8.921741, 9.136624, 8.901353, 9.102956, 9.141467, 9.102956, 9.121577, 8.905168, 9.086666, 9.025072, 9.189056, 9.154593, 8.874552, 9.051785, 9.126412, 9.077053, 9.086059, 9.159925, 8.993250, 9.171572, 9.154593, 9.005025, 9.105273, 9.083649, 9.131787, 8.925856, 9.185533, 9.046326, 9.108942, 9.179325, 9.078294, 9.179783, 9.114335, 9.209808, 8.914927, 9.129371, 8.920516, 8.913457, 9.018371, 8.986870, 8.989163, 9.222383, 9.175396, 8.923739, 9.089072, 9.203348, 9.121368, 9.074135, 8.918161, 9.049664, 9.230447, 9.195658, 8.926955, 8.948158, 9.052701, 8.999386, 9.038802, 9.187955, 9.172976, 9.132040, 9.133911, 9.260058, 8.995518, 9.129643, 8.982069, 8.983663, 9.220337, 9.123224, 8.969479, 8.939565, 9.258273, 9.045578, 9.208196, 9.278090, 9.280534, 9.211429, 9.058537, 9.074758, 9.246459, 8.999386, 9.153171, 9.134963, 8.926330, 9.131510, 9.250973, 9.101631, 8.960851, 9.047951, 9.196087, 9.205004, 9.144042, 9.161383, 9.084301, 9.211025, 9.289261, 9.126710, 9.014127, 9.144042, 9.375420, 9.168094, 9.234348, 9.323369, 9.303848, 9.059834, 9.007779, 9.182941, 9.065869, 9.288427, 9.257483, 9.311400, 9.336016, 9.217838, 9.216663, 8.983607, 9.054662, 9.083131, 9.256499, 9.138396, 9.120070, 9.074243, 9.142154, 9.065400, 9.351236, 9.282271, 9.079597, 9.133097, 9.191012, 9.211025, 9.171420, 9.137878, 9.049933, 9.304353, 9.316970, 9.049275, 9.284123, 9.067134, 9.099758, 9.235799, 9.061762, 9.255399, 9.087910, 9.082575, 9.239546, 9.271996, 9.138396, 9.010853, 9.329329, 9.080815, 9.395679, 9.112194, 9.102131, 9.296813, 9.223035, 9.041163, 9.046535, 9.182329, 9.235077, 9.135188, 9.240256, 9.361488, 9.231727, 8.972626, 9.038479, 9.106771, 9.521210, 9.159485, 9.322713, 9.146577, 9.332171, 9.141470, 9.090867, 9.116772, 9.090276, 9.113859, 9.437804, 9.110381, 9.151932, 9.255399, 9.494230, 9.242011, 9.256706, 9.286095, 9.369238, 9.501562, 9.201440, 9.459867, 9.219773, 9.178014, 9.207850, 9.301042, 9.388682, 9.084978, 9.379213, 9.278021, 9.413413, 9.227684, 9.164239, 9.207850, 9.149073, 9.244747, 9.408465, 9.371664, 9.354875, 9.136740, 9.381381, 9.376656, 9.445201, 9.391457, 9.428087, 9.410900, 9.256381, 9.184093, 9.366661, 9.181726, 9.200710, 9.271401, 9.445201, 9.334997, 9.325128, 9.222540, 9.396621, 9.205468, 9.231164, 9.149568, 9.508736, 9.365005, 9.369678, 9.493979, 9.518386, 9.264211, 9.277662, 9.401361, 9.138785, 9.381764, 9.394098, 9.447735, 9.379475, 9.469644, 9.250197, 9.314240 };
//	printf("\nAddPoint1 \n");
//
//	//printf("all the smoothed values\n");
//	//// Access the members of the allocated struct
//	//for (int i = 0; i < 501; i++) {
//	//	printf("%.2f ", returned->data[i]); // myStruct->data[i]);
//	//}
//	//printf("\n");
//
//
//	mes_peakFinder(501, returned->data, true, 1.0f);
//
//	return 0;
//}
